Starting TSP Solver (CUDA Hybrid)
Number of cities: 20
Initial Cost Matrix (Host) (N=20):
  INF   15   18   23   13   21   17   12   20   16   24   11   19   14   22   25   10   16   18   36
   15  INF   19   16   22   25   11   18   24   15   21   13   17   20   12   14   23   19   15   32
   18   19  INF   24   15   18   23   16   21   14   22   12   20   13   17   19   11   24   16   27
   23   16   24  INF   17   14   26   18   22   13   20   15   12   21   19   23   14   17   25   30
   13   22   15   17  INF   22   13   19   17   21   12   24   16   18   20   11   25   14   23   20
   21   25   18   14   22  INF   15   23   14   20   16   11   19   12   24   17   13   21   18   21
   17   11   23   26   13   15  INF   17   21   11   23   18   14   20   16   22   19   12   24   12
   12   18   16   18   19   23   17  INF   16   22   13   19   21   15   11   24   20   14   17   28
   20   24   21   22   17   14   21   16  INF   15   20   12   18   23   19   13   11   25   22   35
   16   15   14   13   21   20   11   22   15  INF   19   23   17   12   24   18   20   16   21    9
   24   21   22   20   12   16   23   13   20   19  INF   16   14   18   15   21   17   11   23   41
   11   13   12   15   24   11   18   19   12   23   16  INF   20   22   17   14   25   19   13   23
   19   17   20   12   16   19   14   21   18   17   14   20  INF   15   23   11   22   24   16   22
   14   20   13   21   18   12   20   15   23   12   18   22   15  INF   19   16   13   21   17   18
   22   12   17   19   20   24   16   11   19   24   15   17   23   19  INF   18   14   20   12   25
   25   14   19   23   11   17   22   24   13   18   21   14   11   16   18  INF   20   15   19   16
   10   23   11   14   25   13   19   20   11   20   17   25   22   13   14   20  INF   18   16   31
   16   19   24   17   14   21   12   14   25   16   11   19   24   21   20   15   18  INF   22   33
   18   15   16   25   23   18   24   17   22   21   23   13   16   17   12   19   16   22  INF   29
   36   32   27   30   20   21   12   28   35    9   41   23   22   18   25   16   31   33   29  INF

Initial Root Node Cost (Host): 222
  *** New Best Tour (GPU)! Cost: 237 *** Path: 0 -> 7 -> 17 -> 10 -> 4 -> 15 -> 12 -> 3 -> 9 -> 19 -> 6 -> 1 -> 14 -> 18 -> 2 -> 13 -> 5 -> 11 -> 8 -> 16 -> 0
========================================
           Final Result (CUDA)
========================================
Nodes processed on GPU (approx): 99690
Minimum Cost: 237
Optimal Path: 0 -> 7 -> 17 -> 10 -> 4 -> 15 -> 12 -> 3 -> 9 -> 19 -> 6 -> 1 -> 14 -> 18 -> 2 -> 13 -> 5 -> 11 -> 8 -> 16 -> 0
========================================
           Performance
========================================
Total Runtime: 5401 ms
